ImageID
281882
963926
965825
978374
1003400
1028499
937847
974757
983493
986872
1011962
1029029
1029013
907712
948081
951357
966802
1037394
1039134
1037417
1037957
1440034
1481578
1000691
1194377
1194293
1261605
1256802
1435744
1499631
1446304
1445758
1458511
315851
958499
1502705
966268
983428
996377
1018201
1021826
1027631
1029584
1045619
895056
1220921
1236085
828694
958727
963558
1003706
1016587
808819
959453
996683
996822
1037308
1050410
1057804
1512668
971748
984807
996786
1045204
1457246
1619004
1633742
861838
874809
940645
944650
973541
971779
998806
1488791
1462576
1478584
1478784
1478765
1514331
1490106
1494601
1514753
944422
959644
1029891
874273
935436
1008180
1011188
1011216
1036122
1033265
1469940
1470151
1565078
1571742
1583750
318607
1006805
1009371
1031289
1032324
1334630
1446679
1461223
1469708
1469814
1469854
1609767
995623
999708
1176404
953555
984878
990027
998328
1050518
1052843
945600
1015823
1047167
1069428
1176878
927419
1038586
931614
963736
961594
961583
978946
1003831
1027175
1025037
1021434
854993
938631
873168
871899
926577
931215
950330
990195
1001329
997517
1032569
928920
996107
1000359
1005341
1015812
1021751
1023583
23491
851352
887919
935949
961814
974280
974714
1018186
1018387
1072741
1324187
995457
1008024
1029048
1018523
1056183
1092019
872975
880643
884964
913233
921879
1170562
1004681
1005122
1010650
1016136
1023542
1027315
1034852
1044538
1046899
1045984
1046736
1048378
1486321
1553931
1553005
1588331